SEMdatabase<-structure(list(MERE = c(1.5, 2.5, 3, 4.25, 5.25, 5.25, 6.25, 
1.75, 6.25, 3.25, 7, 4, 6, 5.5, 4, 3.75, 4.5, 3.75, 3.5, 4, 5.75, 
6.75, 4.5, 2, 4.75, 2.25, 4.75, 3, 4.25, 2.75, 6, 2.25, 4.25, 
6.5, 4.75, 5.25, 5, 3.75, 5, 4, 3, 3, 7, 1.75, 4.75, 3.75, 1, 
4.75, 3, 4.5, 5.25, 5.75, 2.75, 5, 1.5, 6, 2.25, 4.5, 5, 2.5, 
1.25, 6, 3, 3.25, 4.25, 2.75, 1.25, 4, 4.5, 5.25, 2.25, 3, 2.25, 
3.5, 1.25, 3.5, 4.75, 4.5, 5, 3.25, 3, 6, 5.5, 1.75, 4.25, 4, 
2, 6.25, 6, 3.5, 3.5, 6.25, 3.5, 6.25, 3.5, 4, 3.75, 4.25, 5.75, 
3, 4, 6.5, 3, 5, 3.75, 5.25, 4, 5, 3, 5, 6.75, 4.75, 3, 3.5, 
5.5, 4, 6, 2, 2, 6.5, 3.75, 4.75, 6.25, 2.5, 4.25, 6.25), MEIn = c(4, 
3.25, 2.5, 2, 3.75, 4, 6.5, 2.25, 6, 3, 6.75, 3.75, 4.75, 4.5, 
4.25, 2.5, 4.5, 4.75, 5, 4, 4.75, 5, 4, 1.75, 5.5, 3.5, 4.5, 
3, 5.5, 3.75, 7, 2.75, 2, 5.25, 5.25, 5.5, 5.5, 4.5, 5.75, 2.25, 
2.75, 2.25, 5, 4.5, 5, 3, 1.25, 5.25, 3.5, 5, 4.25, 4.25, 5.25, 
4, 4.5, 5.25, 4.5, 3, 6.5, 2.25, 4.75, 2.5, 3.5, 1.75, 3.5, 2.75, 
1.5, 4.5, 6, 4, 3.5, 2.25, 2, 5, 1.75, 2.25, 1.75, 3.25, 3.75, 
3.75, 1.25, 4, 4, 1.5, 4.5, 6.25, 3, 5, 6, 6.75, 4.5, 6.5, 5.5, 
6, 5, 5.5, 6.25, 5, 5.25, 2.5, 5.25, 5.25, 2.5, 5.75, 5.25, 5, 
5.25, 5.5, 2.75, 5.25, 3.75, 5.75, 2.75, 2.25, 7, 4, 5.75, 2.75, 
1.5, 6, 4.5, 4, 5, 4, 1.25, 5.25), MEId = c(5.75, 3, 2.5, 4, 
4.75, 4.75, 3.75, 3.5, 4.25, 4.75, 6.5, 3.75, 6.5, 6.5, 5.75, 
1, 5.5, 3.25, 4, 3.25, 4.5, 4.25, 2.75, 2.25, 3.25, 1.5, 2.75, 
4.5, 5.5, 1.75, 6.5, 3.25, 2.25, 4.25, 4.75, 5.25, 5.25, 5.5, 
4.75, 2.75, 3, 2.25, 5.25, 3, 5.25, 4, 1, 5.25, 2, 4.5, 3.5, 
5.25, 4.25, 3.25, 3.75, 5.25, 4.25, 5.25, 5, 3, 4.5, 5, 2.5, 
2.5, 2.5, 2.25, 1.75, 3.25, 5.25, 4.75, 1.75, 2.5, 2.25, 2.75, 
4.75, 1.25, 1.5, 3.75, 2.5, 3, 1.5, 4, 5.25, 2, 2, 5, 3.25, 6, 
4.5, 6.75, 6, 6, 4, 6, 3.25, 3.25, 5, 3.5, 5.75, 3, 6, 5, 1.5, 
5, 3.75, 5.75, 4.5, 5, 5, 6, 5.5, 3.25, 2, 1.5, 5.5, 3.75, 6, 
1, 2.5, 5.25, 5.25, 3.75, 5, 3.25, 2.5, 5.75), MIAO = c(2, 4, 
3.25, 5, 3.5, 4, 5.25, 1.25, 4, 2.25, 6.75, 4.25, 6.5, 4.5, 4, 
5.75, 5.25, 5.25, 5.5, 4.75, 4.25, 6.25, 5.75, 2.5, 5.5, 2.75, 
5, 4, 5, 2.75, 2.5, 2.5, 2, 5, 3.75, 5.75, 4.25, 5, 3.25, 4.25, 
5, 4.5, 6.5, 2.5, 5.25, 3.75, 1, 4, 3, 4.5, 4.5, 6, 6.75, 5.5, 
3.25, 5.5, 3.5, 4.75, 3.5, 3.25, 5.25, 5.5, 4.25, 3.25, 5.25, 
3, 3.75, 6.5, 6.25, 5.25, 5.75, 4.75, 2.75, 5.25, 7, 3, 3.25, 
5, 5, 2.75, 2.5, 4, 6, 2.5, 3.5, 6.75, 4.25, 6.5, 5.5, 6.25, 
5, 6, 6.5, 5, 4.25, 5.75, 6.25, 6.5, 6.75, 2.75, 6, 5.75, 6.25, 
6.25, 6.25, 5, 6.25, 6.75, 5.75, 5, 5.25, 5.5, 4.75, 4.5, 7, 
6.5, 7, 5, 4.25, 6, 4.25, 6, 3.25, 3.75, 5.25, 5.25), MIEE = c(4.5, 
5.5, 4, 6, 5.5, 5, 4, 4, 6, 5, 6.25, 4.25, 6.5, 4.5, 4.75, 3.5, 
4.25, 5.5, 6, 6.5, 6.5, 5.25, 6.25, 2.25, 5.5, 1.75, 3.25, 6, 
5.5, 3, 5, 2.75, 2.5, 4, 3.25, 4.75, 6.25, 5.5, 5.25, 3.75, 3, 
5, 5.75, 5.25, 4.5, 2.5, 4.5, 5.75, 6.5, 5, 4.25, 6.5, 5.75, 
7, 4, 5.5, 4.25, 5.75, 5.75, 3.25, 6.75, 7, 6.5, 3.75, 5.5, 4.5, 
2.75, 5.25, 5.5, 5.25, 5.25, 3.5, 4.5, 5.25, 6.25, 4.75, 5.5, 
4, 5, 3, 2.25, 6.25, 5.75, 1.5, 4.5, 6.5, 5.25, 6.5, 5.75, 6.5, 
6.25, 6, 6.5, 5.5, 6.5, 6, 6, 6, 6, 4.5, 6.5, 6.5, 6.25, 7, 6.5, 
7, 6.75, 7, 6.5, 5.75, 6.5, 5.75, 5, 5.5, 7, 6.5, 6.75, 4.75, 
3.5, 7, 4.75, 4.5, 5.5, 4, 6.5, 6.25), MIC = c(3.25, 3.75, 5.5, 
5.75, 5.25, 5, 3, 4.75, 5.25, 3.75, 6.75, 4, 5, 5, 5.25, 3, 5, 
5, 4.75, 3.25, 6, 5.25, 5, 3.5, 5, 2.25, 5, 5, 5.25, 2.75, 5.25, 
4.75, 2.75, 3.25, 3.75, 6.5, 5, 5.5, 3.5, 5.75, 3.75, 5.25, 5.5, 
3, 3.75, 3, 4.5, 4.5, 6.25, 3.25, 5, 6.5, 6, 6.75, 3, 5.75, 4.25, 
6.25, 6.5, 3.25, 5.25, 5, 5.25, 3, 3.5, 3.25, 2.75, 5, 5.5, 5.25, 
5.75, 3.75, 2.5, 4.25, 4, 4, 3, 3.75, 2.25, 3.25, 1.75, 4.25, 
5, 3.5, 1.25, 5.5, 4.25, 6.5, 5.75, 6.5, 5, 5.75, 6.75, 6.25, 
6, 6.25, 5.25, 6.5, 6, 3, 5.5, 6.75, 5.75, 7, 6, 6.5, 5, 6.75, 
6.75, 5.25, 5.25, 6.25, 2.75, 3.25, 7, 4.25, 6, 5.25, 3.75, 7, 
5.5, 5.25, 5.5, 6, 3.75, 5.75), SCI = c(5, 6.43, 7.29, 8, 8.14, 
6.71, 6.29, 7, 7.86, 8.86, 8, 5.86, 9, 6.43, 7.86, 10.43, 7.43, 
7.71, 6.57, 6.57, 8.29, 7, 6.43, 5.71, 9.14, 7, 7.29, 8.29, 9, 
8.29, 7.43, 6.86, 8.29, 6.57, 7.29, 8.86, 7.86, 8, 8.14, 8.57, 
7, 8.14, 6.43, 5.43, 7.43, 6.14, 8.43, 6.57, 8, 7.14, 6.57, 9.14, 
9.86, 7.71, 8, 5.43, 10.14, 9.86, 6.43, 8.86, 8.86, 6.57, 7, 
8.71, 8.71, 7.57, 9.43, 8.14, 9.57, 8.29, 8.57, 8.86, 4.29, 6.29, 
7.71, 8, 6.71, 8.71, 8.43, 4.86, 6.29, 8, 6.57, 7.57, 7.71, 8.29, 
8.43, 7.71, 8.43, 6.57, 7.57, 8.71, 9.29, 8.43, 8.29, 8.71, 7.29, 
10.43, 6.29, 7, 8.71, 9.14, 9.29, 10.71, 9.71, 9, 9.29, 9.14, 
9, 9, 7.71, 8.57, 8.29, 7.86, 11.14, 8.29, 10.43, 9, 8.14, 8.14, 
7.14, 7.29, 6.43, 9.86, 7.14, 8.86), RP = c(2, 1.86, 1.86, 1.14, 
1.29, 1, 3.14, 2.86, 1.43, 1.14, 1.29, 1.29, 1.29, 1.29, 1.86, 
1.14, 1, 2.14, 1.71, 2.14, 1.43, 2, 1.71, 1, 1.57, 1.14, 2.14, 
1, 1.71, 1.43, 1.57, 2, 1.57, 1.43, 3, 1.43, 1.29, 1.86, 1.29, 
1, 1.57, 1.43, 2.14, 2, 1.71, 2.43, 1.43, 2.14, 1, 1.71, 2.43, 
1.71, 1, 1.86, 1.14, 1.43, 1.14, 1.14, 1.29, 1, 1.29, 1, 1, 1.57, 
1.57, 0, 1, 1.14, 0, 1, 1.43, 1.14, 1.29, 1.71, 1.29, 1.14, 1, 
1, 0, 1.43, 1, 1.14, 1.86, 2, 1, 1.29, 1, 1.29, 1.71, 1.14, 1.29, 
1.86, 1.14, 1, 1.29, 1.14, 1.14, 1.43, 1.86, 1, 1.29, 1.29, 1.14, 
1.29, 1.14, 1, 1, 1.29, 1, 1.14, 1.29, 1.43, 1.57, 1.14, 1.43, 
1.14, 1.14, 1.29, 1.14, 1.14, 1.86, 1.29, 2.14, 1.29, 1.43, 1
), SP = c(2.43, 2.71, 3.29, 2.71, 3.43, 3.71, 2.86, 3.29, 2.14, 
2.43, 3, 3.43, 3.43, 3.43, 3, 3.71, 3.71, 2.71, 3.43, 2.57, 2.86, 
2.86, 3.29, 2.29, 3.57, 3.86, 3.33, 3.29, 3.43, 2.14, 3.43, 1.57, 
4, 1.14, 2.71, 3.29, 3.86, 3.71, 3.29, 4, 3.86, 3.57, 2.71, 2.86, 
2.14, 2.29, 3.57, 3.43, 3.57, 3.14, 2.57, 3.43, 3.71, 3.29, 3.14, 
3.29, 2.43, 3.71, 2.57, 3.29, 3, 3.86, 3.57, 3.86, 3.86, 0, 3.71, 
3.57, 0, 3.57, 3.43, 3.86, 3.29, 3.29, 3.86, 4, 3.86, 2.57, 0, 
3.29, 3.86, 3.57, 4, 3.14, 3.86, 3.57, 3.71, 3.43, 3.29, 3.71, 
3.43, 2.86, 3.43, 4, 3, 3.43, 3.86, 4, 2.57, 3.57, 3.43, 3.86, 
3.86, 4, 3.57, 1, 3.86, 3.57, 3.86, 3.71, 3.86, 3.86, 2.29, 4, 
4, 3.14, 3, 3.29, 3.57, 3.57, 2.86, 3, 2.71, 3.71, 3.14, 4), 
    OP = c(2.57, 2.14, 3.43, 2.43, 2.57, 3.14, 3.14, 3.14, 1.57, 
    3, 2.14, 2.57, 2.57, 2.57, 3.14, 2.57, 2.29, 3, 2.43, 2.43, 
    3, 2.29, 3, 1.57, 2.71, 2.43, 3, 2.14, 3, 2.29, 3.57, 3.43, 
    2.57, 1.86, 3.14, 2.57, 3, 1.71, 1.71, 2.71, 2.29, 2.57, 
    2, 2.71, 3, 2.86, 2.29, 3.29, 2.29, 2.57, 2.86, 3.14, 2.43, 
    2.71, 2.57, 3.29, 1.57, 2.29, 2.14, 2.71, 1.71, 3.57, 2.86, 
    3, 2.43, 0, 3.14, 2.86, 0, 3, 2.71, 3, 2.86, 2.57, 2.57, 
    2, 2.14, 2.57, 0, 2.43, 2, 2.86, 3.29, 2.14, 2.71, 3.14, 
    2.43, 2.57, 2.14, 2.29, 2.57, 3.43, 3, 1.86, 1.86, 1.71, 
    2.57, 2.29, 2.71, 1.14, 2.57, 2.71, 2.14, 2.43, 2.71, 1, 
    2.14, 2, 2.29, 1.57, 3, 2.57, 2.86, 1.86, 2.29, 2.57, 1.14, 
    2.29, 1.71, 2.86, 2.71, 2.29, 2.57, 2.71, 2.86, 2.43), RM = c(2, 
    1.86, 1.86, 1.14, 2.14, 1, 3.14, 2.86, 1.43, 1.14, 1.29, 
    1.57, 2, 3.43, 1.86, 1.14, 1, 2.14, 1.71, 2.14, 1.43, 2.29, 
    1.43, 1, 1.57, 1.14, 2.29, 1, 1.71, 1.29, 1.57, 2, 1.57, 
    2, 2.43, 1.43, 1.29, 1.86, 1.57, 1, 1.57, 1.43, 1.86, 2, 
    1.71, 2.43, 1.43, 2.14, 1, 1.43, 3, 1.71, 1, 1.86, 1.14, 
    1.43, 1.14, 1.29, 1.29, 1, 1.29, 1, 1, 0, 1.14, 1.29, 1.14, 
    1.29, 1.29, 1, 1.43, 1.14, 1.29, 1.71, 1.14, 1.14, 1, 1.29, 
    1.29, 1.43, 1, 1.14, 1.57, 1.43, 1, 0, 1, 1, 1.71, 1.14, 
    1.43, 1.86, 1.14, 1, 1.29, 1.29, 1.14, 1.43, 1.71, 1, 1.29, 
    1.29, 1, 1.29, 1.29, 1.57, 1, 1.29, 1, 1, 1.29, 1.71, 1, 
    1.14, 1.43, 1.29, 1.14, 1.14, 1.14, 1.14, 1.57, 1.29, 2.29, 
    1.29, 1.29, 1),